	code	company	old_price	new_price	returns
0	030790	비케이탑스	526	17200	3169.9619771863117
1	025560	미래산업	133	3085	2219.5488721804513
2	019170	신풍제약	7240	153000	2013.2596685082874
3	032860	글로스퍼랩스	362	7290	1913.8121546961327
4	223310	경남제약헬스케어	174	3320	1808.0459770114942
5	270660	에브리봇	5920	86000	1352.7027027027027
6	054220	비츠로시스	485	5930	1122.680412371134
7	109820	진매트릭스	2120	24950	1076.8867924528302
8	206400	베노홀딩스	713	8340	1069.7054698457223
9	950130	엑세스바이오	2060	23450	1038.3495145631068
10	011000	진원생명과학	2410	25000	937.344398340249
11	058110	멕아이씨에스	3885	40100	932.1750321750322
12	012170	키위미디어그룹	150	1485	890.0
13	227420	도부마스크	486	4700	867.0781893004115
14	179720	옐로페이	319	2530	693.1034482758621
15	017650	대림제지	1255	9120	626.6932270916334
16	096530	씨젠	30650	222000	624.3066884176183
17	101360	이엔드디	4200	28800	585.7142857142857
18	001470	삼부토건	717	4885	581.3110181311017
19	082850	우리바이오	1120	7570	575.8928571428571
20	205470	휴마시스	1390	8910	541.0071942446043
21	122450	KMH	5380	33650	525.4646840148699
22	336260	두산퓨얼셀	8760	52600	500.4566210045662
23	080580	오킨스전자	3720	22000	491.39784946236557
24	192410	감마누	408	2400	488.2352941176471
25	131370	알서포트	2660	15450	480.82706766917295
26	285130	SK케미칼	64000	369000	476.5625
27	015260	에이엔피	350	1990	468.5714285714286
28	068760	셀트리온제약	39800	224300	463.5678391959799
29	052770	아이톡시	805	4460	454.0372670807454
30	033310	엠투엔	3205	16350	410.1404056162247
31	018000	유니슨	1005	5120	409.452736318408
32	131220	대한과학	5090	24750	386.24754420432225
33	196490	디에이테크놀로지	1515	7240	377.8877887788779
34	023960	에쓰씨엔지니어링	1435	6850	377.35191637630663
35	054780	키이스트	2420	11250	364.87603305785126
36	096690	에이루트	1530	6930	352.94117647058823
37	253840	수젠텍	5480	24800	352.55474452554745
38	002630	오리엔트바이오	303	1365	350.49504950495043
39	068330	일신바이오	2110	9260	338.86255924170615
40	100090	삼강엠앤티	4505	19350	329.52275249722527
41	000040	KR모터스	279	1195	328.31541218637994
42	011930	신성이엔지	950	3945	315.2631578947369
43	214310	세미콘라이트	515	2120	311.6504854368932
44	084650	랩지노믹스	5160	21150	309.8837209302325
45	083470	이엠앤아이	387	1585	309.5607235142119
46	187870	디바이스이엔지	12300	49600	303.2520325203252
47	051980	센트럴바이오	555	2235	302.7027027027027
48	039670	한류타임즈	917	3680	301.30861504907307
49	001020	페이퍼코리아	628	2515	300.4777070063694
50	138610	나이벡	11100	44250	298.64864864864865
51	064850	에프앤가이드	3495	13900	297.7110157367668
52	225220	제놀루션	7250	28800	297.2413793103448
53	065680	우주일렉트로	8400	33150	294.64285714285717
54	058970	엠로	3000	11800	293.3333333333333
55	112610	씨에스윈드	38000	148000	289.4736842105263
56	131290	티에스이	13800	53000	284.05797101449275
57	011200	HMM	3550	13600	283.09859154929575
58	285490	노바텍	19350	73700	280.8785529715762
59	067000	조이시티	8070	29750	268.64931846344484
60	013720	청보산업	2390	8790	267.78242677824267
61	297090	씨에스베어링	8490	31200	267.4911660777385
62	037270	YG PLUS	1370	4985	263.8686131386861
63	217600	켐온	1390	5040	262.58992805755395
64	063160	종근당바이오	29500	106500	261.0169491525424
65	078590	OQP	1535	5540	260.91205211726384
66	042040	케이피엠테크	975	3515	260.5128205128205
67	036810	에프에스티	7750	27800	258.7096774193548
68	003090	대웅	12950	46450	258.6872586872587
69	307750	대신밸런스제6호스팩	2020	7220	257.4257425742574
70	053030	바이넥스	7900	28150	256.3291139240506
71	101490	에스앤에스텍	12200	43400	255.73770491803282
72	241820	피씨엘	8060	28550	254.21836228287842
73	012600	센트럴인사이트	2600	9120	250.76923076923077
74	007860	서연	2920	10200	249.3150684931507
75	237690	에스티팜	29800	103500	247.31543624161074
76	130500	GH신소재	3080	10650	245.7792207792208
77	045660	에이텍	9200	31500	242.39130434782606
78	217270	넵튠	6720	23000	242.26190476190476
79	006890	태경케미컬	5250	17850	240.0
80	012790	신일제약	7150	24200	238.46153846153845
81	200350	래몽래인	5000	16750	235.0
82	019770	서연탑메탈	2640	8810	233.7121212121212
83	027360	아주IB투자	1245	4150	233.33333333333334
84	051160	지어소프트	4200	13900	230.95238095238093
85	227950	엔투텍	1940	6390	229.38144329896906
86	289080	SV인베스트먼트	1860	6080	226.88172043010755
87	100130	동국S&C	2575	8410	226.60194174757282
88	189330	씨이랩	12000	39000	225.0
89	137400	피엔티	7210	23400	224.54923717059637
90	170030	현대공업	3030	9600	216.83168316831686
91	268600	셀리버리	57600	181400	214.93055555555554
92	088800	에이스테크	8130	25500	213.65313653136533
93	148780	비플라이소프트	1805	5630	211.91135734072023
94	216400	바이오코아	4245	13150	209.77620730270905
95	217330	싸이토젠	12550	38850	209.5617529880478
96	066590	우수AMS	3080	9460	207.14285714285717
97	044180	KD	495	1515	206.06060606060606
98	047920	에이치엘비제약	5430	16600	205.70902394106815
99	250030	진코스텍	4400	13400	204.54545454545453
100	032850	비트컴퓨터	4365	13200	202.40549828178695
101	014940	오리엔탈정공	800	2415	201.87499999999997
102	060250	NHN한국사이버결제	22200	66600	200.0
103	060300	레드로버	610	1830	200.0
104	064550	바이오니아	6790	20050	195.28718703976438
105	127120	디엔에이링크	3690	10800	192.6829268292683
106	091990	셀트리온헬스케어	53000	154500	191.50943396226415
107	092220	KEC	1035	3005	190.33816425120773
108	006280	녹십자	132500	384500	190.18867924528303
109	241840	에이스토리	8910	25850	190.12345679012347
110	016710	대성홀딩스	8330	24150	189.9159663865546
111	005320	국동	1235	3580	189.87854251012143
112	206640	바디텍메드	9650	27950	189.63730569948189
113	232680	라온테크	4100	11800	187.80487804878047
114	247540	에코프로비엠	53000	152300	187.35849056603774
115	142280	녹십자엠에스	5250	15050	186.66666666666666
116	260870	시그넷이브이	8000	22750	184.375
117	337840	유엑스엔	8300	23500	183.13253012048193
118	033270	유나이티드	18350	51800	182.28882833787466
119	007570	일양약품	22550	63100	179.82261640798228
120	222080	씨아이에스	2625	7330	179.23809523809524
121	219130	타이거일렉	5480	15300	179.19708029197082
122	278280	천보	61600	171700	178.73376623376623
123	004830	덕성	2920	8110	177.73972602739727
124	037230	한국팩키지	2165	6000	177.13625866050808
125	089980	상아프론테크	15250	42050	175.7377049180328
126	118990	모트렉스	2425	6680	175.46391752577318
127	079810	디이엔티	3350	9070	170.7462686567164
128	123750	알톤스포츠	1245	3360	169.87951807228913
129	025950	동신건설	6220	16750	169.2926045016077
130	064290	인텍플러스	4900	13150	168.3673469387755
131	083420	그린케미칼	3455	9240	167.43849493487696
132	126340	비나텍	19300	51500	166.839378238342
133	013810	스페코	4075	10850	166.25766871165646
134	002870	신풍제지	1495	3980	166.22073578595317
135	101400	엔시트론	399	1060	165.6641604010025
136	196170	알테오젠	66900	177500	165.32137518684604
137	057030	YBM넷	3880	10250	164.17525773195877
138	086040	바이오톡스텍	6280	16400	161.1464968152866
139	033540	파라텍	4565	11850	159.58378970427165
140	083640	인콘	1490	3865	159.39597315436242
141	078600	대주전자재료	17800	46000	158.42696629213484
142	224110	에이텍티앤	8970	23050	156.9676700111483
143	166480	코아스템	9050	23250	156.9060773480663
144	051490	나라엠앤디	4420	11350	156.7873303167421
145	103660	씨앗	1795	4600	156.26740947075209
146	195990	에이비프로바이오	804	2060	156.21890547263683
147	206650	유바이오로직스	7900	20200	155.69620253164555
148	084440	유비온	1310	3295	151.52671755725189
149	003720	삼영화학공업	998	2510	151.50300601202406
150	051910	LG화학	317500	798000	151.33858267716533
151	025900	동화기업	16950	42500	150.73746312684366
152	241520	DSC인베스트먼트	3310	8280	150.1510574018127
153	034020	두산중공업	5720	14300	150.0
154	253590	네오셈	1360	3395	149.63235294117646
155	100700	세운메디칼	3225	8040	149.30232558139537
156	156100	엘앤케이바이오	7010	17300	146.79029957203994
157	095340	ISC	9750	24050	146.66666666666669
158	302550	리메드	13200	32550	146.5909090909091
159	120240	대정화금	14950	36800	146.15384615384616
160	066970	엘앤에프	21950	54000	146.01366742596812
161	336370	두산솔루스	20350	50000	145.7002457002457
162	039200	오스코텍	24100	59200	145.64315352697096
163	005690	파미셀	8490	20750	144.40518256772674
164	299170	더블유에스아이	2045	4990	144.00977995110026
165	059090	미코	5770	14000	142.63431542461004
166	053160	프리엠스	5760	13900	141.31944444444446
167	035720	카카오	153500	369500	140.71661237785017
168	009830	한화솔루션	18850	45200	139.78779840848804
169	006120	SK디스커버리	26150	62600	139.38814531548758
170	092870	엑시콘	6810	16300	139.35389133627018
171	256840	한국비엔씨	1725	4125	139.1304347826087
172	009620	삼보산업	636	1515	138.20754716981133
173	104540	코렌텍	5630	13350	137.12255772646537
174	208640	썸에이지	566	1335	135.86572438162543
175	173130	오파스넷	6430	15050	134.05909797822707
176	222160	바이옵트로	2100	4900	133.33333333333334
177	042600	새로닉스	3515	8190	133.0014224751067
178	000020	동화약품	8310	19300	132.2503008423586
179	006400	삼성SDI	236000	548000	132.20338983050848
180	265560	영화테크	9620	22300	131.8087318087318
181	023800	인지컨트롤스	4950	11450	131.31313131313132
182	064820	케이프	2170	4980	129.4930875576037
183	041520	이라이콤	5100	11700	129.41176470588235
184	307950	현대오토에버	50400	115000	128.17460317460316
185	001440	대한전선	616	1400	127.2727272727273
186	089150	케이씨티	2390	5430	127.1966527196653
187	114450	KPX생명과학	6170	14000	126.90437601296595
188	020120	키다리스튜디오	4035	9150	126.76579925650557
189	235980	메드팩토	44250	99900	125.76271186440677
190	279060	이노벡스	1280	2885	125.390625
191	033200	모아텍	4625	10400	124.86486486486487
192	053300	한국정보인증	3785	8500	124.57067371202113
193	298040	효성중공업	26650	59600	123.63977485928706
194	007530	영신금속	1635	3650	123.24159021406729
195	102120	어보브반도체	7090	15750	122.14386459802537
196	215380	우정바이오	5370	11900	121.60148975791434
197	038870	에코바이오	4480	9920	121.42857142857144
198	002720	국제약품	4630	10250	121.38228941684663
199	052600	한네트	3095	6800	119.70920840064619
200	220260	켐트로스	3165	6950	119.58925750394944
201	214390	경보제약	8260	18050	118.5230024213075
202	001570	금양	2400	5230	117.91666666666667
203	322000	현대에너지솔루션	17250	37550	117.68115942028987
204	278380	원바이오젠	9900	21550	117.6767676767677
205	258790	소프트캠프	1700	3690	117.05882352941175
206	053280	예스24	7460	16050	115.14745308310994
207	003000	부광약품	14350	30850	114.98257839721254
208	057680	티사이언티픽	1405	3020	114.94661921708187
209	089790	제이티	5400	11600	114.81481481481484
210	006740	영풍제지	3115	6690	114.7672552166934
211	150900	파수	3680	7890	114.40217391304346
212	121600	나노신소재	16700	35800	114.37125748502991
213	144510	녹십자랩셀	37900	81100	113.98416886543536
214	054920	한컴위드	2780	5940	113.66906474820144
215	050890	쏠리드	5410	11550	113.4935304990758
216	207490	에이펙스인텍	4195	8950	113.34922526817638
217	065500	오리엔트정공	388	826	112.88659793814433
218	041930	동아화성	4815	10250	112.87642782969884
219	003070	코오롱글로벌	9690	20550	112.07430340557276
220	044990	에이치엔에스하이텍	4150	8800	112.04819277108436
221	065450	빅텍	3380	7160	111.83431952662724
222	066830	제노텍	1700	3600	111.76470588235294
223	199150	데이터스트림즈	2975	6300	111.76470588235294
224	208890	미래엔에듀파트너	900	1900	111.11111111111111
225	048430	유라테크	5950	12550	110.92436974789916
226	158300	에스에이티이엔지	3700	7800	110.81081081081079
227	041920	메디아나	8180	17200	110.26894865525674
228	288620	에스퓨얼셀	17250	36050	108.98550724637684
229	086520	에코프로	22450	46900	108.90868596881961
230	069080	웹젠	16300	34050	108.89570552147241
231	139670	키네마스터	13000	26850	106.53846153846156
232	068940	아이씨케이	1760	3635	106.53409090909092
233	003670	포스코케미칼	49250	101500	106.09137055837566
234	095910	에스에너지	3840	7900	105.72916666666666
235	134060	이퓨쳐	6340	13000	105.0473186119874
236	041140	넥슨지티	6950	14250	105.03597122302159
237	079370	제우스	13600	27800	104.41176470588233
238	043100	솔고바이오	192	392	104.16666666666666
239	025750	한솔홈데코	1095	2230	103.65296803652969
240	284620	카이노스메드	2100	4225	101.19047619047619
241	093240	형지엘리트	1475	2965	101.01694915254238
242	004720	우리들제약	6370	12800	100.9419152276295
243	005290	동진쎄미켐	16750	33650	100.8955223880597
244	101140	인바이오젠	2985	5990	100.67001675041878
245	066790	씨씨에스	423	846	100.0
246	038880	아이에이	510	1020	100.0
247	023450	동남합성	24850	49700	100.0
248	217820	엔에스	5050	10050	99.00990099009901
249	258830	세종메디칼	7520	14950	98.8031914893617
250	317400	자이에스앤디	5710	11350	98.77408056042032
251	067010	이씨에스	4610	9130	98.04772234273318
252	004920	씨아이테크	458	906	97.81659388646288
253	006110	삼아알미늄	4430	8730	97.06546275395034
254	001070	대한방직	20150	39700	97.02233250620347
255	002840	미원상사	57000	112000	96.49122807017542
256	101160	월덱스	8280	16250	96.256038647343
257	200130	콜마비앤에이치	27750	54400	96.03603603603604
258	041190	우리기술투자	2520	4935	95.83333333333333
259	082740	HSD엔진	4470	8750	95.74944071588367
260	061250	화일약품	6540	12800	95.71865443425077
261	077500	유니퀘스트	6670	13050	95.65217391304348
262	011150	CJ씨푸드	2695	5260	95.17625231910947
263	000950	전방	15350	29900	94.78827361563518
264	271980	제일약품	36200	70500	94.75138121546962
265	216050	인크로스	25150	48900	94.43339960238568
266	185750	종근당	97000	188500	94.3298969072165
267	114570	지스마트글로벌	321	620	93.14641744548287
268	212310	휴벡셀	2595	4990	92.29287090558766
269	084370	유진테크	16500	31700	92.12121212121211
270	008930	한미사이언스	38350	73600	91.91655801825294
271	006650	대한유화	117500	225500	91.91489361702128
272	267320	나인테크	2040	3915	91.91176470588236
273	263690	디알젬	8340	16000	91.84652278177458
274	093230	이아이디	224	429	91.51785714285714
275	005420	코스모화학	6120	11700	91.1764705882353
276	068270	셀트리온	181000	345500	90.8839779005525
277	011080	형지I&C	600	1140	89.99999999999999
278	163430	디피코	2370	4500	89.87341772151898
279	058400	KNN	1215	2305	89.71193415637859
280	023790	동일철강	3200	6070	89.68750000000001
281	083310	엘오티베큠	9530	18050	89.401888772298
282	052400	코나아이	14600	27650	89.3835616438356
283	011500	한농화성	4255	8050	89.1891891891892
284	043260	성호전자	823	1555	88.94289185905224
285	089970	에이피티씨	7540	14200	88.32891246684352
286	073490	이노와이어리스	33200	62500	88.25301204819279
287	058470	리노공업	64300	120900	88.0248833592535
288	194480	데브시스터즈	7290	13700	87.92866941015089
289	046210	파나진	2345	4405	87.84648187633262
290	144620	코오롱머티리얼	1640	3070	87.19512195121952
291	014130	한익스프레스	4410	8250	87.0748299319728
292	192650	드림텍	6770	12650	86.85376661742983
293	094860	코닉글로리	1330	2485	86.8421052631579
294	234070	에이원알폼	9420	17600	86.83651804670913
295	000250	삼천당제약	35600	66400	86.51685393258425
296	211050	인카금융서비스	5900	11000	86.44067796610169
297	314130	지놈앤컴퍼니	39300	73100	86.00508905852418
298	131390	피앤이솔루션	10850	20150	85.71428571428572
299	038460	바이오스마트	4340	8050	85.48387096774192
